89,100000
141,200000
228,300000
279,400000
328,500000
385,600000
440,700000
492,800000
542,900000
602,1000000
656,1100000
709,1200000
762,1300000
813,1400000
866,1500000
918,1600000
969,1700000
1025,1800000
1079,1900000
1140,2000000
1197,2100000
1253,2200000
1305,2300000
1358,2400000
1411,2500000
1463,2600000
1518,2700000
1575,2800000
1630,2900000
1691,3000000
1768,3100000
1833,3200000
1893,3300000
1956,3400000
2026,3500000
2104,3600000
2176,3700000
2254,3800000
2320,3900000
2385,4000000
2455,4100000
2533,4200000
2591,4300000
2651,4400000
2709,4500000
2769,4600000
2823,4700000
2877,4800000
2931,4900000
2985,5000000
3041,5100000
3096,5200000
3151,5300000
3210,5400000
3265,5500000
3321,5600000
3376,5700000
3433,5800000
3487,5900000
3542,6000000
3598,6100000
3655,6200000
3710,6300000
3768,6400000
3822,6500000
3883,6600000
3964,6700000
4023,6800000
4086,6900000
4144,7000000
4201,7100000
4254,7200000
4314,7300000
4370,7400000
4423,7500000
4477,7600000
4535,7700000
4591,7800000
4647,7900000
4707,8000000
4764,8100000
4820,8200000
4879,8300000
4941,8400000
5002,8500000
5064,8600000
5125,8700000
5186,8800000
5242,8900000
5300,9000000
5361,9100000
5423,9200000
5488,9300000
5548,9400000
5609,9500000
5684,9600000
5768,9700000
5826,9800000
5884,9900000
5948,10000000
6005,10100000
6062,10200000
6118,10300000
6176,10400000
6237,10500000
6309,10600000
6382,10700000
6447,10800000
6709,10900000
7546,11000000
7645,11100000
7709,11200000
7764,11300000
7818,11400000
7874,11500000
7930,11600000
7985,11700000
8085,11800000
8154,11900000
8230,12000000
8336,12100000
8435,12200000
8515,12300000
8582,12400000
8649,12500000
8727,12600000
8873,12700000
9050,12800000
9350,12900000
9935,13000000
10046,13100000
10151,13200000
10227,13300000
10342,13400000
10481,13500000
10571,13600000
10661,13700000
10736,13800000
10814,13900000
10886,14000000
10958,14100000
11034,14200000
11110,14300000
11180,14400000
11274,14500000
11342,14600000
11551,14700000
11690,14800000
11778,14900000
11920,15000000
11982,15100000
12046,15200000
12119,15300000
12187,15400000
12243,15500000
12305,15600000
12379,15700000
12481,15800000
12601,15900000
12707,16000000
12815,16100000
12908,16200000
13040,16300000
13118,16400000
13196,16500000
13270,16600000
13350,16700000
13455,16800000
13544,16900000
13706,17000000
13801,17100000
13876,17200000
13947,17300000
14018,17400000
14103,17500000
14212,17600000
14329,17700000
14433,17800000
14536,17900000
14619,18000000
14678,18100000
14734,18200000
14821,18300000
14900,18400000
15004,18500000
15098,18600000
15219,18700000
15290,18800000
15367,18900000
15441,19000000
15511,19100000
15586,19200000
15654,19300000
15744,19400000
15823,19500000
15922,19600000
16016,19700000
16173,19800000
16361,19900000
16431,20000000
16521,20100000
16636,20200000
16712,20300000
16825,20400000
16940,20500000
17015,20600000
17088,20700000
17165,20800000
17311,20900000
17427,21000000
17493,21100000
17574,21200000
17645,21300000
17730,21400000
17822,21500000
17925,21600000
17993,21700000
18061,21800000
18211,21900000
18330,22000000
18415,22100000
18537,22200000
18604,22300000
18686,22400000
18755,22500000
18841,22600000
19071,22700000
19421,22800000
19607,22900000
19796,23000000
19996,23100000
20071,23200000
20140,23300000
20223,23400000
20312,23500000
20415,23600000
20528,23700000
20603,23800000
20687,23900000
20754,24000000
20820,24100000
20887,24200000
20967,24300000
21037,24400000
21106,24500000
21190,24600000
21269,24700000
21388,24800000
21495,24900000
21565,25000000
21642,25100000
21720,25200000
21797,25300000
21878,25400000
21968,25500000
22134,25600000
22217,25700000
22358,25800000
22533,25900000
22659,26000000
22833,26100000
22926,26200000
23014,26300000
23117,26400000
23304,26500000
23371,26600000
23438,26700000
23514,26800000
23613,26900000
23685,27000000
23763,27100000
23827,27200000
23881,27300000
23942,27400000
24001,27500000
24057,27600000
24135,27700000
24198,27800000
24255,27900000
24328,28000000
24390,28100000
24447,28200000
24513,28300000
24571,28400000
24629,28500000
24683,28600000
24743,28700000
24807,28800000
24866,28900000
24939,29000000
24993,29100000
25047,29200000
25104,29300000
25158,29400000
25213,29500000
25268,29600000
25323,29700000
25380,29800000
25434,29900000
25490,30000000
25545,30100000
25602,30200000
25657,30300000
25712,30400000
25768,30500000
25824,30600000
25879,30700000
25938,30800000
25993,30900000
26054,31000000
26109,31100000
26163,31200000
26219,31300000
26278,31400000
26339,31500000
26395,31600000
26455,31700000
26512,31800000
26575,31900000
26628,32000000
26681,32100000
26739,32200000
26795,32300000
26857,32400000
26920,32500000
27038,32600000
27097,32700000
27155,32800000
27307,32900000
27410,33000000
27487,33100000
27562,33200000
27624,33300000
27682,33400000
27741,33500000
27799,33600000
27860,33700000
27922,33800000
27995,33900000
28067,34000000
28136,34100000
28199,34200000
28265,34300000
28328,34400000
28389,34500000
28448,34600000
28514,34700000
28576,34800000
28640,34900000
28695,35000000
28752,35100000
28824,35200000
28884,35300000
28943,35400000
28996,35500000
29050,35600000
29129,35700000
29186,35800000
29244,35900000
29306,36000000
29365,36100000
29420,36200000
29474,36300000
29530,36400000
29585,36500000
29642,36600000
29697,36700000
29755,36800000
29819,36900000
29875,37000000
29933,37100000
29991,37200000
30049,37300000
30107,37400000
30165,37500000
30220,37600000
30275,37700000
30357,37800000
30418,37900000
30482,38000000
30536,38100000
30590,38200000
30646,38300000
30701,38400000
30755,38500000
30816,38600000
30874,38700000
30934,38800000
31013,38900000
31071,39000000
31130,39100000
31189,39200000
31259,39300000
31317,39400000
31375,39500000
31443,39600000
31527,39700000
31594,39800000
31652,39900000
31708,40000000
31767,40100000
31824,40200000
31880,40300000
31958,40400000
32014,40500000
32068,40600000
32131,40700000
32185,40800000
32242,40900000
32303,41000000
32359,41100000
32419,41200000
32501,41300000
32556,41400000
32652,41500000
32724,41600000
32781,41700000
32865,41800000
32923,41900000
32980,42000000
33038,42100000
33099,42200000
33157,42300000
33228,42400000
33283,42500000
33339,42600000
33395,42700000
33465,42800000
33531,42900000
33602,43000000
33663,43100000
33734,43200000
33807,43300000
33867,43400000
33930,43500000
33991,43600000
34055,43700000
34113,43800000
34178,43900000
34251,44000000
34319,44100000
34390,44200000
34513,44300000
34588,44400000
34663,44500000
34750,44600000
34804,44700000
34857,44800000
34916,44900000
34979,45000000
35039,45100000
35098,45200000
35153,45300000
35208,45400000
35264,45500000
35320,45600000
35374,45700000
35427,45800000
35487,45900000
35540,46000000
35592,46100000
35649,46200000
35705,46300000
35761,46400000
35821,46500000
35878,46600000
35934,46700000
35990,46800000
36048,46900000
36105,47000000
36163,47100000
36219,47200000
36282,47300000
36335,47400000
36389,47500000
36448,47600000
36504,47700000
36559,47800000
36614,47900000
36670,48000000
36727,48100000
36793,48200000
36863,48300000
36933,48400000
37003,48500000
37069,48600000
37135,48700000
37201,48800000
37265,48900000
37330,49000000
37394,49100000
37461,49200000
37526,49300000
37594,49400000
37654,49500000
37713,49600000
37776,49700000
37837,49800000
37900,49900000
37965,50000000
38044,50100000
38105,50200000
38179,50300000
38309,50400000
38409,50500000
38476,50600000
38540,50700000
38605,50800000
38666,50900000
38726,51000000
38788,51100000
38859,51200000
38917,51300000
38972,51400000
39028,51500000
39090,51600000
39145,51700000
39197,51800000
39251,51900000
39304,52000000
39359,52100000
39413,52200000
39469,52300000
39522,52400000
39623,52500000
39677,52600000
39730,52700000
39786,52800000
39842,52900000
39897,53000000
39952,53100000
40007,53200000
40063,53300000
40124,53400000
40186,53500000
40257,53600000
40320,53700000
40382,53800000
40439,53900000
40495,54000000
40552,54100000
40610,54200000
40667,54300000
40722,54400000
40779,54500000
40847,54600000
40914,54700000
40973,54800000
41029,54900000
41084,55000000
41142,55100000
41199,55200000
41256,55300000
41312,55400000
41367,55500000
41423,55600000
41492,55700000
41552,55800000
41619,55900000
41678,56000000
41736,56100000
41809,56200000
41899,56300000
41974,56400000
42056,56500000
42134,56600000
42203,56700000
42304,56800000
42398,56900000
42455,57000000
42508,57100000
42572,57200000
42624,57300000
42711,57400000
42781,57500000
42839,57600000
42893,57700000
42949,57800000
43006,57900000
43059,58000000
43119,58100000
43184,58200000
43238,58300000
43294,58400000
43349,58500000
43406,58600000
43462,58700000
43524,58800000
43580,58900000
43636,59000000
43695,59100000
43754,59200000
43822,59300000
43880,59400000
43935,59500000
43997,59600000
44054,59700000
44109,59800000
44163,59900000
44222,60000000
44277,60100000
44340,60200000
44398,60300000
44457,60400000
44517,60500000
44572,60600000
44627,60700000
44689,60800000
44743,60900000
44799,61000000
44866,61100000
44922,61200000
44976,61300000
45041,61400000
45095,61500000
45150,61600000
45217,61700000
45271,61800000
45326,61900000
45385,62000000
45439,62100000
45495,62200000
45553,62300000
45608,62400000
45662,62500000
45716,62600000
45771,62700000
45825,62800000
45894,62900000
45957,63000000
46022,63100000
46077,63200000
46134,63300000
46188,63400000
46242,63500000
46296,63600000
46355,63700000
46410,63800000
46465,63900000
46568,64000000
46636,64100000
46695,64200000
46752,64300000
46808,64400000
46869,64500000
46927,64600000
46984,64700000
47041,64800000
47103,64900000
47178,65000000
47247,65100000
47307,65200000
47366,65300000
47427,65400000
47484,65500000
47542,65600000
47603,65700000
47661,65800000
47719,65900000
47778,66000000
47835,66100000
47893,66200000
47964,66300000
48043,66400000
48102,66500000
48159,66600000
48219,66700000
48278,66800000
48333,66900000
48390,67000000
48450,67100000
48511,67200000
48567,67300000
48625,67400000
48683,67500000
48749,67600000
48806,67700000
48866,67800000
48925,67900000
48982,68000000
49039,68100000
49099,68200000
49159,68300000
49214,68400000
49275,68500000
49330,68600000
49388,68700000
49444,68800000
49504,68900000
49562,69000000
49621,69100000
49677,69200000
49736,69300000
49800,69400000
49862,69500000
49923,69600000
49987,69700000
50068,69800000
50131,69900000
50193,70000000
50256,70100000
50316,70200000
50378,70300000
50437,70400000
50497,70500000
50558,70600000
50615,70700000
50671,70800000
50727,70900000
50784,71000000
50844,71100000
50902,71200000
50959,71300000
51018,71400000
51079,71500000
51140,71600000
51200,71700000
51258,71800000
51330,71900000
51388,72000000
51449,72100000
51508,72200000
51565,72300000
51625,72400000
51680,72500000
51739,72600000
51797,72700000
51853,72800000
51913,72900000
51974,73000000
52039,73100000
52098,73200000
52154,73300000
52211,73400000
52268,73500000
52323,73600000
52380,73700000
52436,73800000
52495,73900000
52551,74000000
52607,74100000
52663,74200000
52726,74300000
52781,74400000
52844,74500000
52910,74600000
52970,74700000
53036,74800000
53100,74900000
53168,75000000
53231,75100000
53292,75200000
53361,75300000
53424,75400000
53486,75500000
53555,75600000
53617,75700000
53689,75800000
53752,75900000
53812,76000000
53875,76100000
53945,76200000
54012,76300000
54075,76400000
54139,76500000
54213,76600000
54273,76700000
54342,76800000
54412,76900000
54485,77000000
54553,77100000
54625,77200000
54702,77300000
54769,77400000
54839,77500000
54898,77600000
54964,77700000
55022,77800000
55087,77900000
55157,78000000
55219,78100000
55284,78200000
55349,78300000
55419,78400000
55480,78500000
55535,78600000
55603,78700000
55667,78800000
55734,78900000
55800,79000000
55866,79100000
55930,79200000
55992,79300000
56051,79400000
56116,79500000
56178,79600000
56241,79700000
56300,79800000
56361,79900000
56428,80000000
56500,80100000
56566,80200000
56638,80300000
56706,80400000
56769,80500000
56825,80600000
56887,80700000
56949,80800000
57016,80900000
57080,81000000
57136,81100000
57203,81200000
57270,81300000
57356,81400000
57445,81500000
57535,81600000
57617,81700000
57684,81800000
57749,81900000
57817,82000000
57879,82100000
57938,82200000
58003,82300000
58065,82400000
58124,82500000
58208,82600000
58302,82700000
58412,82800000
58488,82900000
58551,83000000
58620,83100000
58687,83200000
58743,83300000
58807,83400000
58864,83500000
58921,83600000
58983,83700000
59077,83800000
59165,83900000
59280,84000000
59347,84100000
59414,84200000
59473,84300000
59536,84400000
59601,84500000
59664,84600000
59722,84700000
59781,84800000
59846,84900000
59907,85000000
59967,85100000
60024,85200000
60082,85300000
60141,85400000
60201,85500000
60257,85600000
60319,85700000
60379,85800000
60439,85900000
60498,86000000
60553,86100000
60617,86200000
60679,86300000
60756,86400000
60835,86500000
60897,86600000
60960,86700000
61020,86800000
61075,86900000
61138,87000000
61199,87100000
61259,87200000
61334,87300000
61397,87400000
61464,87500000
61522,87600000
61583,87700000
61643,87800000
61706,87900000
61765,88000000
61827,88100000
61893,88200000
61956,88300000
62018,88400000
62085,88500000
62154,88600000
62212,88700000
62271,88800000
62341,88900000
62398,89000000
62456,89100000
62524,89200000
62599,89300000
62662,89400000
62722,89500000
62790,89600000
62851,89700000
62927,89800000
62992,89900000
63059,90000000
63115,90100000
63174,90200000
63239,90300000
63300,90400000
63387,90500000
63459,90600000
63517,90700000
63577,90800000
63635,90900000
63702,91000000
63772,91100000
63833,91200000
63906,91300000
63971,91400000
64030,91500000
64094,91600000
64148,91700000
64210,91800000
64282,91900000
64351,92000000
64420,92100000
64476,92200000
64566,92300000
64633,92400000
64695,92500000
64757,92600000
64823,92700000
64902,92800000
64974,92900000
65044,93000000
65116,93100000
65181,93200000
65260,93300000
65324,93400000
65400,93500000
65468,93600000
65536,93700000
65604,93800000
65674,93900000
65736,94000000
65806,94100000
65866,94200000
65929,94300000
65993,94400000
66051,94500000
66109,94600000
66174,94700000
66241,94800000
66313,94900000
66389,95000000
66464,95100000
66539,95200000
66603,95300000
66667,95400000
66734,95500000
66804,95600000
66864,95700000
66944,95800000
67012,95900000
67076,96000000
67134,96100000
67204,96200000
67271,96300000
67332,96400000
67392,96500000
67451,96600000
67513,96700000
67571,96800000
67644,96900000
67703,97000000
67760,97100000
67814,97200000
67873,97300000
67930,97400000
67994,97500000
68060,97600000
68123,97700000
68194,97800000
68269,97900000
68344,98000000
68402,98100000
68474,98200000
68533,98300000
68594,98400000
68688,98500000
68750,98600000
68818,98700000
68880,98800000
68947,98900000
69033,99000000
69110,99100000
69173,99200000
69233,99300000
69297,99400000
69378,99500000
69444,99600000
69503,99700000
69569,99800000
69628,99900000
69686,100000000
69741,100100000
69799,100200000
69852,100300000
69916,100400000
69977,100500000
70033,100600000
70093,100700000
70153,100800000
70217,100900000
70277,101000000
70354,101100000
70422,101200000
70487,101300000
70545,101400000
70610,101500000
70672,101600000
70738,101700000
70805,101800000
70866,101900000
70928,102000000
70985,102100000
71059,102200000
71121,102300000
71193,102400000
71256,102500000
71318,102600000
71387,102700000
71452,102800000
71509,102900000
71576,103000000
71642,103100000
71715,103200000
71773,103300000
71830,103400000
71899,103500000
71962,103600000
72014,103700000
72072,103800000
72123,103900000
72175,104000000
72226,104100000
72281,104200000
72346,104300000
72398,104400000
72451,104500000
72522,104600000
72586,104700000
72642,104800000
72700,104900000
72755,105000000
72809,105100000
72860,105200000
72908,105300000
72959,105400000
73008,105500000
73058,105600000
73108,105700000
73160,105800000
73220,105900000
73275,106000000
73333,106100000
73389,106200000
73444,106300000
73500,106400000
73554,106500000
73607,106600000
73660,106700000
73708,106800000
73757,106900000
73807,107000000
73856,107100000
73911,107200000
73970,107300000
74024,107400000
74081,107500000
74138,107600000
74195,107700000
74254,107800000
74320,107900000
74398,108000000
74466,108100000
74525,108200000
74581,108300000
74643,108400000
74700,108500000
74763,108600000
74826,108700000
74902,108800000
74967,108900000
75027,109000000
75087,109100000
75171,109200000
75233,109300000
75292,109400000
75351,109500000
75408,109600000
75472,109700000
75540,109800000
75608,109900000
75671,110000000
75746,110100000
75810,110200000
75875,110300000
75939,110400000
76001,110500000
76062,110600000
76124,110700000
76189,110800000
76252,110900000
76311,111000000
76375,111100000
76449,111200000
76514,111300000
76586,111400000
76660,111500000
76730,111600000
76837,111700000
76899,111800000
76960,111900000
77022,112000000
77081,112100000
77142,112200000
77204,112300000
77262,112400000
77326,112500000
77383,112600000
77443,112700000
77504,112800000
77558,112900000
77615,113000000
77672,113100000
77732,113200000
77788,113300000
77847,113400000
77903,113500000
77974,113600000
78028,113700000
78084,113800000
78150,113900000
78213,114000000
78273,114100000
78344,114200000
78418,114300000
78486,114400000
78550,114500000
78611,114600000
78675,114700000
78733,114800000
78795,114900000
78850,115000000
78904,115100000
78960,115200000
79013,115300000
79067,115400000
79133,115500000
79195,115600000
79250,115700000
79299,115800000
79348,115900000
79397,116000000
79447,116100000
79498,116200000
79557,116300000
79617,116400000
79682,116500000
79741,116600000
79797,116700000
79850,116800000
79904,116900000
79956,117000000
80015,117100000
80073,117200000
80129,117300000
80180,117400000
80236,117500000
80296,117600000
80355,117700000
80415,117800000
80473,117900000
80594,118000000
80654,118100000
80711,118200000
80785,118300000
80841,118400000
80896,118500000
80963,118600000
81014,118700000
81065,118800000
81119,118900000
81169,119000000
81221,119100000
81274,119200000
81328,119300000
81381,119400000
81457,119500000
81540,119600000
81660,119700000
81811,119800000
81890,119900000
81985,120000000
82304,120100000
82430,120200000
82492,120300000
82572,120400000
82626,120500000
82701,120600000
82789,120700000
82920,120800000
82971,120900000
83020,121000000
83069,121100000
83124,121200000
83173,121300000
83223,121400000
83274,121500000
83322,121600000
83372,121700000
83420,121800000
83470,121900000
83520,122000000
83568,122100000
83619,122200000
83670,122300000
83721,122400000
83770,122500000
83819,122600000
83868,122700000
83920,122800000
83976,122900000
84028,123000000
84081,123100000
84132,123200000
84182,123300000
84240,123400000
84294,123500000
84347,123600000
84400,123700000
84450,123800000
84501,123900000
84552,124000000
84603,124100000
84654,124200000
84706,124300000
84756,124400000
84803,124500000
84855,124600000
84910,124700000
84960,124800000
85012,124900000
85062,125000000
85113,125100000
85164,125200000
85215,125300000
85273,125400000
85325,125500000
85379,125600000
85430,125700000
85481,125800000
85535,125900000
85590,126000000
85644,126100000
85698,126200000
85751,126300000
85802,126400000
85858,126500000
85917,126600000
85969,126700000
86027,126800000
86079,126900000
86130,127000000
86181,127100000
86234,127200000
86286,127300000
86338,127400000
86389,127500000
86445,127600000
86504,127700000
86562,127800000
86616,127900000
86698,128000000
86749,128100000
86808,128200000
86859,128300000
86922,128400000
86981,128500000
87042,128600000
87115,128700000
87185,128800000
87243,128900000
87294,129000000
87355,129100000
87409,129200000
87464,129300000
87523,129400000
87582,129500000
87640,129600000
87700,129700000
87751,129800000
87801,129900000
87858,130000000
87929,130100000
87997,130200000
88060,130300000
88125,130400000
88187,130500000
88243,130600000
88302,130700000
88350,130800000
88402,130900000
88453,131000000
88503,131100000
88551,131200000
88605,131300000
88655,131400000
88703,131500000
88753,131600000
88804,131700000
88854,131800000
88903,131900000
88957,132000000
89009,132100000
89090,132200000
89153,132300000
89204,132400000
89254,132500000
89316,132600000
89368,132700000
89417,132800000
89467,132900000
89518,133000000
89571,133100000
89624,133200000
89681,133300000
89742,133400000
89793,133500000
89844,133600000
89896,133700000
89949,133800000
90000,133900000
90048,134000000
90105,134100000
90163,134200000
90212,134300000
90266,134400000
90315,134500000
90365,134600000
90412,134700000
90463,134800000
90514,134900000
90562,135000000
90616,135100000
90671,135200000
90722,135300000
90772,135400000
90823,135500000
90872,135600000
90923,135700000
90974,135800000
91030,135900000
91081,136000000
91132,136100000
91182,136200000
91233,136300000
91283,136400000
91329,136500000
91384,136600000
91441,136700000
91501,136800000
91561,136900000
91622,137000000
91677,137100000
91731,137200000
91789,137300000
91843,137400000
91913,137500000
91980,137600000
92032,137700000
92077,137800000
92121,137900000
92170,138000000
92216,138100000
92264,138200000
92319,138300000
92375,138400000
92431,138500000
92482,138600000
92534,138700000
92589,138800000
92650,138900000
92707,139000000
92759,139100000
92816,139200000
92872,139300000
92924,139400000
92975,139500000
93026,139600000
93077,139700000
93128,139800000
93181,139900000
93235,140000000
93284,140100000
93331,140200000
93386,140300000
93441,140400000
93502,140500000
93562,140600000
93617,140700000
93675,140800000
93725,140900000
93778,141000000
93825,141100000
93873,141200000
93926,141300000
93973,141400000
94027,141500000
94076,141600000
94125,141700000
94173,141800000
94225,141900000
94276,142000000
94323,142100000
94372,142200000
94425,142300000
94473,142400000
94524,142500000
94575,142600000
94636,142700000
94689,142800000
94742,142900000
94789,143000000
94837,143100000
94884,143200000
94954,143300000
95011,143400000
95067,143500000
95118,143600000
95167,143700000
95215,143800000
95269,143900000
95322,144000000
95369,144100000
95423,144200000
95477,144300000
95531,144400000
95584,144500000
95645,144600000
95699,144700000
95754,144800000
95813,144900000
95868,145000000
95929,145100000
95987,145200000
96051,145300000
96109,145400000
96164,145500000
96224,145600000
96284,145700000
96339,145800000
96399,145900000
96464,146000000
96529,146100000
96588,146200000
96651,146300000
96710,146400000
96773,146500000
96833,146600000
96891,146700000
96952,146800000
97010,146900000
97066,147000000
97126,147100000
97189,147200000
97243,147300000
97296,147400000
97349,147500000
97411,147600000
97468,147700000
97525,147800000
97592,147900000
97659,148000000
97718,148100000
97773,148200000
97835,148300000
97920,148400000
97988,148500000
98065,148600000
98139,148700000
98208,148800000
98276,148900000
98336,149000000
98395,149100000
98459,149200000
98588,149300000
98651,149400000
98720,149500000
98782,149600000
98849,149700000
98908,149800000
98961,149900000
99016,150000000
99074,150100000
99131,150200000
99188,150300000
99253,150400000
99307,150500000
99361,150600000
99417,150700000
99472,150800000
99534,150900000
99589,151000000
99650,151100000
99701,151200000
99750,151300000
99801,151400000
99851,151500000
99913,151600000
99967,151700000
100029,151800000
100088,151900000
100151,152000000
100208,152100000
100264,152200000
100325,152300000
100383,152400000
100445,152500000
100501,152600000
100554,152700000
100604,152800000
100657,152900000
100715,153000000
100768,153100000
100821,153200000
100872,153300000
100932,153400000
100982,153500000
101035,153600000
101088,153700000
101146,153800000
101195,153900000
101249,154000000
101303,154100000
101357,154200000
101412,154300000
101471,154400000
101524,154500000
101577,154600000
101638,154700000
101694,154800000
101749,154900000
101805,155000000
101863,155100000
101919,155200000
101975,155300000
102035,155400000
102088,155500000
102142,155600000
102199,155700000
102256,155800000
102310,155900000
102367,156000000
102419,156100000
102470,156200000
102525,156300000
102584,156400000
102634,156500000
102689,156600000
102746,156700000
102800,156800000
102856,156900000
102912,157000000
102975,157100000
103033,157200000
103090,157300000
103145,157400000
103199,157500000
103252,157600000
103306,157700000
103359,157800000
103409,157900000
103468,158000000
103527,158100000
103583,158200000
103635,158300000
103683,158400000
103736,158500000
103787,158600000
103838,158700000
103888,158800000
103943,158900000
103994,159000000
104052,159100000
104107,159200000
104165,159300000
104222,159400000
104276,159500000
104332,159600000
104388,159700000
104442,159800000
104499,159900000
104546,160000000
104598,160100000
104653,160200000
104700,160300000
104749,160400000
104798,160500000
104854,160600000
104911,160700000
104968,160800000
105034,160900000
105090,161000000
105138,161100000
105182,161200000
105231,161300000
105280,161400000
105331,161500000
105375,161600000
105420,161700000
105464,161800000
105516,161900000
105571,162000000
105631,162100000
105690,162200000
105744,162300000
105794,162400000
105847,162500000
105894,162600000
105945,162700000
105999,162800000
106053,162900000
106108,163000000
106162,163100000
106226,163200000
106281,163300000
106334,163400000
106386,163500000
106438,163600000
106491,163700000
106545,163800000
106607,163900000
106666,164000000
106722,164100000
106785,164200000
106845,164300000
106904,164400000
106960,164500000
107023,164600000
107083,164700000
107151,164800000
107206,164900000
107265,165000000
107321,165100000
107385,165200000
107445,165300000
107505,165400000
107562,165500000
107608,165600000
107657,165700000
107705,165800000
107761,165900000
107827,166000000
107881,166100000
107935,166200000
107994,166300000
108054,166400000
108116,166500000
108176,166600000
108245,166700000
108302,166800000
108360,166900000
108416,167000000
108475,167100000
108527,167200000
108586,167300000
108640,167400000
108711,167500000
108771,167600000
108829,167700000
108883,167800000
108939,167900000
109000,168000000
109055,168100000
109109,168200000
109169,168300000
109224,168400000
109281,168500000
109338,168600000
109402,168700000
109460,168800000
109515,168900000
109570,169000000
109631,169100000
109685,169200000
109737,169300000
109794,169400000
109844,169500000
109900,169600000
109961,169700000
110023,169800000
110092,169900000
110164,170000000
110234,170100000
110291,170200000
110348,170300000
110406,170400000
110465,170500000
110525,170600000
110585,170700000
110644,170800000
110707,170900000
110769,171000000
110829,171100000
110886,171200000
110942,171300000
111007,171400000
111063,171500000
111123,171600000
111176,171700000
111232,171800000
111290,171900000
111345,172000000
111397,172100000
111449,172200000
111501,172300000
111554,172400000
111606,172500000
111660,172600000
111715,172700000
111771,172800000
111834,172900000
111897,173000000
111955,173100000
112026,173200000
112082,173300000
112152,173400000
112209,173500000
112266,173600000
112327,173700000
112394,173800000
112465,173900000
112530,174000000
112583,174100000
112637,174200000
112695,174300000
112752,174400000
112829,174500000
112883,174600000
112944,174700000
112994,174800000
113045,174900000
113098,175000000
113152,175100000
113208,175200000
113264,175300000
113318,175400000
113369,175500000
113421,175600000
113475,175700000
113546,175800000
113601,175900000
113659,176000000
113751,176100000
113825,176200000
113880,176300000
113933,176400000
113984,176500000
114047,176600000
114103,176700000
114157,176800000
114212,176900000
114268,177000000
114323,177100000
114376,177200000
114433,177300000
114487,177400000
114548,177500000
114615,177600000
114709,177700000
114783,177800000
114839,177900000
114951,178000000
115159,178100000
115227,178200000
115293,178300000
115355,178400000
115404,178500000
115453,178600000
115507,178700000
115557,178800000
115606,178900000
115656,179000000
115709,179100000
115760,179200000
115810,179300000
115864,179400000
115915,179500000
115970,179600000
116021,179700000
116073,179800000
116125,179900000
116177,180000000
116228,180100000
116270,180200000
116320,180300000
116374,180400000
116421,180500000
116467,180600000
116510,180700000
116552,180800000
116602,180900000
116647,181000000
116689,181100000
116734,181200000
116785,181300000
116843,181400000
116896,181500000
116949,181600000
117003,181700000
117058,181800000
117119,181900000
117175,182000000
117233,182100000
117290,182200000
117350,182300000
117411,182400000
117465,182500000
117525,182600000
117582,182700000
117638,182800000
117701,182900000
117754,183000000
117811,183100000
117867,183200000
117924,183300000
117985,183400000
118039,183500000
118106,183600000
118162,183700000
118217,183800000
118273,183900000
118330,184000000
118392,184100000
118456,184200000
118511,184300000
118566,184400000
118643,184500000
118698,184600000
118757,184700000
118811,184800000
118870,184900000
118925,185000000
118978,185100000
119037,185200000
119096,185300000
119160,185400000
119218,185500000
119296,185600000
119392,185700000
119461,185800000
119518,185900000
119577,186000000
119634,186100000
119689,186200000
119746,186300000
119810,186400000
119864,186500000
119926,186600000
119982,186700000
120039,186800000
120097,186900000
120155,187000000
120211,187100000
120265,187200000
120323,187300000
120380,187400000
120441,187500000
120502,187600000
120562,187700000
120627,187800000
120687,187900000
120744,188000000
120799,188100000
120850,188200000
120904,188300000
120957,188400000
121011,188500000
121064,188600000
121115,188700000
121245,188800000
121333,188900000
121384,189000000
121435,189100000
121486,189200000
121540,189300000
121590,189400000
121643,189500000
121697,189600000
121750,189700000
121803,189800000
121857,189900000
121912,190000000
121965,190100000
122021,190200000
122073,190300000
122130,190400000
122183,190500000
122236,190600000
122287,190700000
122342,190800000
122398,190900000
122453,191000000
122510,191100000
122569,191200000
122624,191300000
122678,191400000
122732,191500000
122787,191600000
122855,191700000
122910,191800000
122964,191900000
123019,192000000
123079,192100000
123137,192200000
123191,192300000
123245,192400000
123298,192500000
123363,192600000
123419,192700000
123471,192800000
123525,192900000
123580,193000000
123634,193100000
123688,193200000
123771,193300000
123825,193400000
123878,193500000
123934,193600000
123993,193700000
124047,193800000
124101,193900000
124155,194000000
124212,194100000
124266,194200000
124324,194300000
124381,194400000
124437,194500000
124490,194600000
124572,194700000
124624,194800000
124676,194900000
124729,195000000
124780,195100000
124834,195200000
124891,195300000
124950,195400000
125005,195500000
125061,195600000
125114,195700000
125170,195800000
125225,195900000
125269,196000000
125323,196100000
125377,196200000
125433,196300000
125492,196400000
125544,196500000
125598,196600000
125652,196700000
125711,196800000
125765,196900000
125821,197000000
125875,197100000
125928,197200000
125984,197300000
126036,197400000
126089,197500000
126143,197600000
126204,197700000
126259,197800000
126313,197900000
126377,198000000
126432,198100000
126487,198200000
126541,198300000
126601,198400000
126656,198500000
126710,198600000
126761,198700000
126821,198800000
126869,198900000
126918,199000000
126973,199100000
127030,199200000
127088,199300000
127153,199400000
127209,199500000
127264,199600000
127322,199700000
127378,199800000
127431,199900000
127478,200000000
127533,200100000
127585,200200000
127637,200300000
127693,200400000
127751,200500000
127813,200600000
127883,200700000
127938,200800000
127992,200900000
128046,201000000
128102,201100000
128154,201200000
128212,201300000
128286,201400000
128347,201500000
128410,201600000
128468,201700000
128528,201800000
128582,201900000
128635,202000000
128690,202100000
128747,202200000
128801,202300000
128854,202400000
128910,202500000
128964,202600000
129022,202700000
129075,202800000
129128,202900000
129179,203000000
129232,203100000
129283,203200000
129334,203300000
129390,203400000
129443,203500000
129496,203600000
129551,203700000
129603,203800000
129655,203900000
129706,204000000
129760,204100000
129811,204200000
129862,204300000
129914,204400000
129972,204500000
130024,204600000
130076,204700000
130134,204800000
130188,204900000
130243,205000000
130295,205100000
130346,205200000
130398,205300000
130452,205400000
130504,205500000
130565,205600000
130616,205700000
130672,205800000
130725,205900000
130776,206000000
130827,206100000
130878,206200000
130930,206300000
130982,206400000
131035,206500000
131094,206600000
131155,206700000
131219,206800000
131277,206900000
131340,207000000
131400,207100000
131460,207200000
131513,207300000
131569,207400000
131621,207500000
131682,207600000
131732,207700000
131784,207800000
131837,207900000
131889,208000000
131944,208100000
131996,208200000
132047,208300000
132097,208400000
132149,208500000
132201,208600000
132253,208700000
132326,208800000
132378,208900000
132429,209000000
132480,209100000
132532,209200000
132584,209300000
132635,209400000
132689,209500000
132742,209600000
132794,209700000
132846,209800000
132898,209900000
132948,210000000
133000,210100000
133052,210200000
133103,210300000
133155,210400000
133206,210500000
133258,210600000
133309,210700000
133361,210800000
133417,210900000
133467,211000000
133519,211100000
133573,211200000
133626,211300000
133680,211400000
133732,211500000
133795,211600000
133850,211700000
133900,211800000
133955,211900000
134019,212000000
134076,212100000
134127,212200000
134178,212300000
134229,212400000
134279,212500000
134330,212600000
134381,212700000
134437,212800000
134516,212900000
134573,213000000
134631,213100000
134689,213200000
134739,213300000
134795,213400000
134851,213500000
134902,213600000
134955,213700000
135010,213800000
135064,213900000
135118,214000000
135171,214100000
135224,214200000
135278,214300000
135330,214400000
135388,214500000
135439,214600000
135493,214700000
135547,214800000
135606,214900000
135660,215000000
135716,215100000
135774,215200000
135832,215300000
135892,215400000
135949,215500000
136004,215600000
136060,215700000
136120,215800000
136176,215900000
136237,216000000
136293,216100000
136350,216200000
136404,216300000
136456,216400000
136515,216500000
136571,216600000
136625,216700000
136679,216800000
136732,216900000
136787,217000000
136848,217100000
136903,217200000
136963,217300000
137018,217400000
137081,217500000
137135,217600000
137192,217700000
137253,217800000
137310,217900000
137361,218000000
137418,218100000
137478,218200000
137535,218300000
137592,218400000
137650,218500000
137705,218600000
137759,218700000
137822,218800000
137874,218900000
137929,219000000
137985,219100000
138037,219200000
138097,219300000
138153,219400000
138207,219500000
138261,219600000
138316,219700000
138366,219800000
138417,219900000
138471,220000000
138524,220100000
138578,220200000
138632,220300000
138689,220400000
138744,220500000
138800,220600000
138863,220700000
138916,220800000
138971,220900000
139026,221000000
139086,221100000
139140,221200000
139193,221300000
139243,221400000
139298,221500000
139351,221600000
139406,221700000
139457,221800000
139510,221900000
139569,222000000
139626,222100000
139681,222200000
139743,222300000
139797,222400000
139851,222500000
139905,222600000
139963,222700000
140022,222800000
140077,222900000
140131,223000000
140186,223100000
140239,223200000
140292,223300000
140349,223400000
140404,223500000
140454,223600000
140503,223700000
140548,223800000
140598,223900000
140645,224000000
140701,224100000
140756,224200000
140813,224300000
140864,224400000
140918,224500000
140969,224600000
141023,224700000
141077,224800000
141133,224900000
141188,225000000
141239,225100000
141295,225200000
141349,225300000
141402,225400000
141455,225500000
141511,225600000
141569,225700000
141623,225800000
141676,225900000
141723,226000000
141773,226100000
141829,226200000
141882,226300000
141935,226400000
141989,226500000
142043,226600000
142105,226700000
142162,226800000
142215,226900000
142271,227000000
142325,227100000
142383,227200000
142436,227300000
142489,227400000
142543,227500000
142598,227600000
142648,227700000
142703,227800000
142758,227900000
142808,228000000
142867,228100000
142921,228200000
142976,228300000
143030,228400000
143085,228500000
143139,228600000
143201,228700000
143263,228800000
143317,228900000
143370,229000000
143427,229100000
143482,229200000
143536,229300000
143597,229400000
143655,229500000
143711,229600000
143765,229700000
143830,229800000
143884,229900000
143948,230000000
144016,230100000
144074,230200000
144129,230300000
144187,230400000
144241,230500000
144296,230600000
144353,230700000
144410,230800000
144466,230900000
144519,231000000
144572,231100000
144626,231200000
144679,231300000
144731,231400000
144783,231500000
144835,231600000
144889,231700000
144943,231800000
144997,231900000
145053,232000000
145107,232100000
145160,232200000
145215,232300000
145274,232400000
145328,232500000
145380,232600000
145434,232700000
145489,232800000
145542,232900000
145596,233000000
145651,233100000
145708,233200000
145761,233300000
145819,233400000
145872,233500000
145926,233600000
145980,233700000
146033,233800000
146086,233900000
146140,234000000
146193,234100000
146246,234200000
146300,234300000
146355,234400000
146413,234500000
146467,234600000
146520,234700000
146574,234800000
146627,234900000
146678,235000000
146733,235100000
146792,235200000
146848,235300000
146909,235400000
146981,235500000
147044,235600000
147106,235700000
147165,235800000
147224,235900000
147285,236000000
147340,236100000
147394,236200000
147447,236300000
147501,236400000
147557,236500000
147611,236600000
147664,236700000
147720,236800000
147773,236900000
147826,237000000
147880,237100000
147935,237200000
147995,237300000
148051,237400000
148105,237500000
148169,237600000
148225,237700000
148278,237800000
148336,237900000
148390,238000000
148445,238100000
148501,238200000
148556,238300000
148639,238400000
148706,238500000
148767,238600000
148822,238700000
148875,238800000
148928,238900000
148993,239000000
149051,239100000
149113,239200000
149166,239300000
149219,239400000
149269,239500000
149324,239600000
149384,239700000
149456,239800000
149511,239900000
149566,240000000
149625,240100000
149679,240200000
149733,240300000
149790,240400000
149854,240500000
149909,240600000
149964,240700000
150019,240800000
150072,240900000
150125,241000000
150178,241100000
150226,241200000
150268,241300000
150324,241400000
150379,241500000
150433,241600000
150486,241700000
150558,241800000
150612,241900000
150664,242000000
150731,242100000
150785,242200000
150841,242300000
150895,242400000
150946,242500000
151000,242600000
151055,242700000
151117,242800000
151172,242900000
151225,243000000
151278,243100000
151338,243200000
151391,243300000
151442,243400000
151500,243500000
151552,243600000
151610,243700000
151662,243800000
151714,243900000
151769,244000000
151821,244100000
151873,244200000
151925,244300000
151977,244400000
152032,244500000
152084,244600000
152140,244700000
152194,244800000
152247,244900000
152306,245000000
152358,245100000
152411,245200000
152465,245300000
152522,245400000
152577,245500000
152637,245600000
152690,245700000
152747,245800000
152804,245900000
152864,246000000
152919,246100000
152974,246200000
153033,246300000
153087,246400000
153140,246500000
153191,246600000
153248,246700000
153303,246800000
153358,246900000
153417,247000000
153478,247100000
153539,247200000
153594,247300000
153647,247400000
153701,247500000
153754,247600000
153813,247700000
153865,247800000
153921,247900000
153974,248000000
154027,248100000
154089,248200000
154142,248300000
154201,248400000
154255,248500000
154306,248600000
154360,248700000
154413,248800000
154466,248900000
154519,249000000
154582,249100000
154645,249200000
154701,249300000
154760,249400000
154816,249500000
154873,249600000
154928,249700000
154981,249800000
155032,249900000
155085,250000000
155147,250100000
155201,250200000
155257,250300000
155310,250400000
155365,250500000
155419,250600000
155473,250700000
155526,250800000
155582,250900000
155645,251000000
155700,251100000
155762,251200000
155816,251300000
155869,251400000
155926,251500000
155981,251600000
156035,251700000
156090,251800000
156143,251900000
156198,252000000
156253,252100000
156311,252200000
156367,252300000
156425,252400000
156477,252500000
156548,252600000
156607,252700000
156660,252800000
156713,252900000
156767,253000000
156822,253100000
156877,253200000
156927,253300000
156979,253400000
157037,253500000
157092,253600000
157147,253700000
157200,253800000
157255,253900000
157310,254000000
157367,254100000
157420,254200000
157472,254300000
157525,254400000
157578,254500000
157631,254600000
157684,254700000
157737,254800000
157789,254900000
157842,255000000
157897,255100000
157950,255200000
158003,255300000
158055,255400000
158108,255500000
158160,255600000
158211,255700000
158270,255800000
158322,255900000
158376,256000000
158435,256100000
158489,256200000
158544,256300000
158599,256400000
158660,256500000
158716,256600000
158769,256700000
158833,256800000
158886,256900000
158939,257000000
158992,257100000
159049,257200000
159104,257300000
159158,257400000
159214,257500000
159271,257600000
159326,257700000
159377,257800000
159429,257900000
159479,258000000
159532,258100000
159591,258200000
159648,258300000
159700,258400000
159754,258500000
159807,258600000
159859,258700000
159914,258800000
159967,258900000
160018,259000000
160071,259100000
160125,259200000
160186,259300000
160240,259400000
160311,259500000
160372,259600000
160430,259700000
160492,259800000
160623,259900000
160677,260000000
160737,260100000
160799,260200000
160864,260300000
160934,260400000
160996,260500000
161065,260600000
161126,260700000
161182,260800000
161239,260900000
161304,261000000
161367,261100000
161423,261200000
161479,261300000
161545,261400000
161604,261500000
161667,261600000
161731,261700000
161785,261800000
161841,261900000
161902,262000000
161971,262100000
162035,262200000
162100,262300000
162159,262400000
162228,262500000
162288,262600000
162350,262700000
162412,262800000
162464,262900000
162525,263000000
162582,263100000
162640,263200000
162710,263300000
162775,263400000
162831,263500000
162894,263600000
162956,263700000
163025,263800000
163084,263900000
163144,264000000
163204,264100000
163265,264200000
163333,264300000
163391,264400000
163448,264500000
163513,264600000
163567,264700000
163624,264800000
163680,264900000
163742,265000000
163801,265100000
163879,265200000
163933,265300000
164002,265400000
164064,265500000
164122,265600000
164190,265700000
164263,265800000
164325,265900000
164397,266000000
164455,266100000
164523,266200000
164589,266300000
164658,266400000
164736,266500000
164804,266600000
164863,266700000
164929,266800000
164987,266900000
165040,267000000
165109,267100000
165174,267200000
165241,267300000
165297,267400000
165358,267500000
165420,267600000
165474,267700000
165531,267800000
165592,267900000
165648,268000000
165712,268100000
165776,268200000
165840,268300000
165908,268400000
165974,268500000
166036,268600000
166098,268700000
166163,268800000
166230,268900000
166292,269000000
166366,269100000
166429,269200000
166491,269300000
166555,269400000
166610,269500000
166666,269600000
166731,269700000
166798,269800000
166860,269900000
166919,270000000
166974,270100000
167030,270200000
167094,270300000
167163,270400000
167242,270500000
167302,270600000
167383,270700000
167439,270800000
167495,270900000
167569,271000000
167629,271100000
167681,271200000
167745,271300000
167804,271400000
167871,271500000
167949,271600000
168005,271700000
168065,271800000
168145,271900000
168199,272000000
168257,272100000
168319,272200000
168378,272300000
168451,272400000
168515,272500000
168581,272600000
168645,272700000
168707,272800000
168774,272900000
168844,273000000
168912,273100000
168968,273200000
169027,273300000
169080,273400000
169142,273500000
169201,273600000
169257,273700000
169324,273800000
169385,273900000
169442,274000000
169499,274100000
169556,274200000
169633,274300000
169688,274400000
169741,274500000
169802,274600000
169856,274700000
169916,274800000
169975,274900000
170039,275000000
170098,275100000
170155,275200000
170220,275300000
170279,275400000
170341,275500000
170404,275600000
170461,275700000
170533,275800000
170593,275900000
170657,276000000
170742,276100000
170796,276200000
170859,276300000
170915,276400000
170970,276500000
171028,276600000
171093,276700000
171155,276800000
171210,276900000
171262,277000000
171312,277100000
171365,277200000
171418,277300000
171469,277400000
171521,277500000
171581,277600000
171636,277700000
171687,277800000
171739,277900000
171793,278000000
171844,278100000
171899,278200000
171962,278300000
172019,278400000
172072,278500000
172124,278600000
172179,278700000
172230,278800000
172281,278900000
172332,279000000
172385,279100000
172442,279200000
172494,279300000
172545,279400000
172598,279500000
172650,279600000
172703,279700000
172754,279800000
172805,279900000
172876,280000000
172951,280100000
173004,280200000
173056,280300000
173113,280400000
173166,280500000
173218,280600000
173270,280700000
173322,280800000
173374,280900000
173426,281000000
173478,281100000
173530,281200000
173582,281300000
173636,281400000
173691,281500000
173743,281600000
173796,281700000
173852,281800000
173904,281900000
173958,282000000
174017,282100000
174079,282200000
174141,282300000
174193,282400000
174246,282500000
174298,282600000
174349,282700000
174402,282800000
174458,282900000
174508,283000000
174562,283100000
174629,283200000
174687,283300000
174738,283400000
174790,283500000
174841,283600000
174893,283700000
174945,283800000
174996,283900000
175056,284000000
175112,284100000
175173,284200000
175227,284300000
175290,284400000
175342,284500000
175395,284600000
175447,284700000
175499,284800000
175553,284900000
175605,285000000
175656,285100000
175712,285200000
175763,285300000
175816,285400000
175872,285500000
175927,285600000
175988,285700000
176049,285800000
176104,285900000
176156,286000000
176208,286100000
176261,286200000
176314,286300000
176366,286400000
176419,286500000
176475,286600000
176540,286700000
176599,286800000
176652,286900000
176707,287000000
176762,287100000
176814,287200000
176868,287300000
176921,287400000
176976,287500000
177029,287600000
177085,287700000
177141,287800000
177196,287900000
177249,288000000
177306,288100000
177358,288200000
177412,288300000
177464,288400000
177514,288500000
177568,288600000
177620,288700000
177671,288800000
177729,288900000
177780,289000000
177831,289100000
177886,289200000
177937,289300000
177989,289400000
178040,289500000
178134,289600000
178186,289700000
178241,289800000
178295,289900000
178347,290000000
178400,290100000
178451,290200000
178505,290300000
178556,290400000
178612,290500000
178668,290600000
178719,290700000
178770,290800000
178821,290900000
178872,291000000
178923,291100000
178978,291200000
179030,291300000
179082,291400000
179144,291500000
179200,291600000
179254,291700000
179307,291800000
179366,291900000
179422,292000000
179499,292100000
179553,292200000
179605,292300000
179659,292400000
179712,292500000
179768,292600000
179824,292700000
179880,292800000
179933,292900000
179985,293000000
180041,293100000
180094,293200000
180146,293300000
180197,293400000
180249,293500000
180301,293600000
180353,293700000
180406,293800000
180458,293900000
180510,294000000
180573,294100000
180632,294200000
180692,294300000
180757,294400000
180817,294500000
180876,294600000
180938,294700000
180997,294800000
181050,294900000
181102,295000000
181156,295100000
181210,295200000
181268,295300000
181323,295400000
181380,295500000
181432,295600000
181484,295700000
181537,295800000
181606,295900000
181662,296000000
181716,296100000
181770,296200000
181825,296300000
181879,296400000
181936,296500000
181992,296600000
182045,296700000
182098,296800000
182150,296900000
182207,297000000
182266,297100000
182321,297200000
182372,297300000
182426,297400000
182478,297500000
182530,297600000
182586,297700000
182642,297800000
182713,297900000
182769,298000000
182824,298100000
182879,298200000
182937,298300000
182995,298400000
183050,298500000
183105,298600000
183162,298700000
183218,298800000
183272,298900000
183324,299000000
183380,299100000
183436,299200000
183493,299300000
183550,299400000
183608,299500000
183663,299600000
183722,299700000
183779,299800000
183834,299900000
183888,300000000
183941,300100000
183993,300200000
184048,300300000
184100,300400000
184153,300500000
184206,300600000
184258,300700000
184314,300800000
184369,300900000
184427,301000000
184484,301100000
184548,301200000
184604,301300000
184659,301400000
184713,301500000
184771,301600000
184824,301700000
184876,301800000
184931,301900000
184987,302000000
185041,302100000
185097,302200000
185149,302300000
185206,302400000
185259,302500000
185313,302600000
185366,302700000
185423,302800000
185481,302900000
185539,303000000
185600,303100000
185659,303200000
185727,303300000
185786,303400000
185849,303500000
185917,303600000
185980,303700000
186041,303800000
186099,303900000
186158,304000000
186217,304100000
186276,304200000
186334,304300000
186391,304400000
186444,304500000
186498,304600000
186558,304700000
186610,304800000
186670,304900000
186723,305000000
186778,305100000
186831,305200000
186886,305300000
186947,305400000
186999,305500000
187052,305600000
187108,305700000
187164,305800000
187222,305900000
187274,306000000
187327,306100000
187384,306200000
187440,306300000
187494,306400000
187547,306500000
187600,306600000
187653,306700000
187705,306800000
187762,306900000
187814,307000000
187876,307100000
187928,307200000
187983,307300000
188036,307400000
188090,307500000
188147,307600000
188200,307700000
188252,307800000
188304,307900000
188365,308000000
188428,308100000
188482,308200000
188536,308300000
188589,308400000
188641,308500000
188694,308600000
188746,308700000
188798,308800000
188850,308900000
188902,309000000
188955,309100000
189007,309200000
189061,309300000
189118,309400000
189169,309500000
189221,309600000
189273,309700000
189325,309800000
189377,309900000
189429,310000000
189481,310100000
189535,310200000
189588,310300000
189640,310400000
189692,310500000
189745,310600000
189797,310700000
189852,310800000
189904,310900000
189965,311000000
190021,311100000
190074,311200000
190127,311300000
190179,311400000
190231,311500000
190284,311600000
190337,311700000
190397,311800000
190453,311900000
190511,312000000
190564,312100000
190620,312200000
190674,312300000
190728,312400000
190782,312500000
190835,312600000
190889,312700000
190946,312800000
191000,312900000
191057,313000000
191120,313100000
191175,313200000
191228,313300000
191282,313400000
191344,313500000
191399,313600000
191452,313700000
191507,313800000
191565,313900000
191619,314000000
191672,314100000
191734,314200000
191792,314300000
191846,314400000
191899,314500000
191953,314600000
192011,314700000
192065,314800000
192118,314900000
192172,315000000
192229,315100000
192285,315200000
192340,315300000
192398,315400000
192459,315500000
192515,315600000
192571,315700000
192631,315800000
192683,315900000
192733,316000000
192782,316100000
192831,316200000
192880,316300000
192930,316400000
192978,316500000
193028,316600000
193075,316700000
193123,316800000
193176,316900000
193224,317000000
193273,317100000
193321,317200000
193369,317300000
193417,317400000
193467,317500000
193522,317600000
193570,317700000
193621,317800000
193675,317900000
193731,318000000
193790,318100000
193846,318200000
193908,318300000
193963,318400000
194022,318500000
194077,318600000
194141,318700000
194196,318800000
194253,318900000
194309,319000000
194364,319100000
194422,319200000
194479,319300000
194536,319400000
194591,319500000
194658,319600000
194714,319700000
194769,319800000
194827,319900000
194885,320000000
194944,320100000
195003,320200000
195059,320300000
195114,320400000
195170,320500000
195225,320600000
195278,320700000
195332,320800000
195385,320900000
195439,321000000
195494,321100000
195547,321200000
195600,321300000
195657,321400000
195712,321500000
195781,321600000
195834,321700000
195887,321800000
195942,321900000
195998,322000000
196051,322100000
196105,322200000
196164,322300000
196220,322400000
196280,322500000
196349,322600000
196438,322700000
196503,322800000
196568,322900000
196628,323000000
196702,323100000
196766,323200000
196825,323300000
196879,323400000
196933,323500000
196988,323600000
197048,323700000
197104,323800000
197163,323900000
197216,324000000
197268,324100000
197322,324200000
197376,324300000
197427,324400000
197481,324500000
197536,324600000
197589,324700000
197643,324800000
197697,324900000
197749,325000000
197802,325100000
197854,325200000
197905,325300000
197957,325400000
198012,325500000
198067,325600000
198120,325700000
198174,325800000
198224,325900000
198274,326000000
198327,326100000
198382,326200000
198433,326300000
198488,326400000
198545,326500000
198610,326600000
198662,326700000
198714,326800000
198773,326900000
198825,327000000
198877,327100000
198969,327200000
199025,327300000
199076,327400000
199130,327500000
199189,327600000
199244,327700000
199296,327800000
199355,327900000
199410,328000000
199463,328100000
199516,328200000
199572,328300000
199624,328400000
199686,328500000
199738,328600000
199790,328700000
199843,328800000
199895,328900000
199947,329000000
199999,329100000
200052,329200000
200130,329300000
200185,329400000
200239,329500000
200293,329600000
200349,329700000
200401,329800000
200460,329900000
200521,330000000
200643,330100000
200705,330200000
200768,330300000
200834,330400000
200888,330500000
200948,330600000
201000,330700000
201053,330800000
201106,330900000
201195,331000000
201248,331100000
201301,331200000
201354,331300000
201407,331400000
201470,331500000
201523,331600000
201585,331700000
201641,331800000
201695,331900000
201748,332000000
201800,332100000
201853,332200000
201905,332300000
201958,332400000
202011,332500000
202064,332600000
202122,332700000
202179,332800000
202242,332900000
202294,333000000
202347,333100000
202399,333200000
202454,333300000
202535,333400000
202587,333500000
202642,333600000
202696,333700000
202772,333800000
202834,333900000
202887,334000000
202940,334100000
202996,334200000
203059,334300000
203115,334400000
203169,334500000
203223,334600000
203285,334700000
203346,334800000
203400,334900000
203453,335000000
203513,335100000
203577,335200000
203653,335300000
203712,335400000
203769,335500000
203826,335600000
203889,335700000
203945,335800000
204000,335900000
204076,336000000
204132,336100000
204194,336200000
204250,336300000
204305,336400000
204358,336500000
204411,336600000
204463,336700000
204518,336800000
204575,336900000
204632,337000000
204690,337100000
204747,337200000
204800,337300000
204857,337400000
204914,337500000
204973,337600000
205029,337700000
205085,337800000
205138,337900000
205191,338000000
205245,338100000
205301,338200000
205356,338300000
205417,338400000
205470,338500000
205523,338600000
205577,338700000
205641,338800000
205700,338900000
205758,339000000
205813,339100000
205867,339200000
205927,339300000
205986,339400000
206041,339500000
206093,339600000
206145,339700000
206202,339800000
206261,339900000
206317,340000000
206370,340100000
206424,340200000
206487,340300000
206570,340400000
206645,340500000
206702,340600000
206758,340700000
206811,340800000
206862,340900000
206915,341000000
206969,341100000
207023,341200000
207079,341300000
207132,341400000
207185,341500000
207240,341600000
207303,341700000
207360,341800000
207423,341900000
207477,342000000
207531,342100000
207584,342200000
207638,342300000
207696,342400000
207750,342500000
207804,342600000
207855,342700000
207907,342800000
207959,342900000
208013,343000000
208068,343100000
208120,343200000
208173,343300000
208224,343400000
208276,343500000
208328,343600000
208380,343700000
208432,343800000
208485,343900000
208538,344000000
208592,344100000
208644,344200000
208696,344300000
208752,344400000
208805,344500000
208857,344600000
208912,344700000
208968,344800000
209024,344900000
209078,345000000
209130,345100000
209202,345200000
209255,345300000
209308,345400000
209370,345500000
209429,345600000
209482,345700000
209551,345800000
209611,345900000
209670,346000000
209721,346100000
209774,346200000
209829,346300000
209883,346400000
209940,346500000
209994,346600000
210054,346700000
210107,346800000
210162,346900000
210214,347000000
210266,347100000
210318,347200000
210370,347300000
210422,347400000
210476,347500000
210532,347600000
210589,347700000
210642,347800000
210693,347900000
210747,348000000
210799,348100000
210851,348200000
210908,348300000
210961,348400000
211016,348500000
211068,348600000
211120,348700000
211173,348800000
211229,348900000
211285,349000000
211342,349100000
211404,349200000
211465,349300000
211517,349400000
211569,349500000
211624,349600000
211680,349700000
211732,349800000
211783,349900000
211843,350000000
211903,350100000
211957,350200000
212009,350300000
212063,350400000
212114,350500000
212165,350600000
212217,350700000
212269,350800000
212321,350900000
212372,351000000
212424,351100000
212477,351200000
212532,351300000
212589,351400000
212645,351500000
212705,351600000
212777,351700000
212834,351800000
212894,351900000
212952,352000000
213012,352100000
213072,352200000
213126,352300000
213180,352400000
213239,352500000
213292,352600000
213344,352700000
213395,352800000
213447,352900000
213498,353000000
213554,353100000
213606,353200000
213665,353300000
213724,353400000
213778,353500000
213836,353600000
213894,353700000
213988,353800000
214046,353900000
214110,354000000
214166,354100000
214223,354200000
214278,354300000
214330,354400000
214383,354500000
214436,354600000
214494,354700000
214549,354800000
214605,354900000
214658,355000000
214710,355100000
214764,355200000
214815,355300000
214870,355400000
214921,355500000
214972,355600000
215024,355700000
215076,355800000
215132,355900000
215184,356000000
215235,356100000
215287,356200000
215338,356300000
215390,356400000
215443,356500000
215494,356600000
215552,356700000
215613,356800000
215670,356900000
215727,357000000
215783,357100000
215839,357200000
215898,357300000
215954,357400000
216008,357500000
216062,357600000
216114,357700000
216165,357800000
216220,357900000
216275,358000000
216328,358100000
216381,358200000
216432,358300000
216485,358400000
216536,358500000
216597,358600000
216651,358700000
216704,358800000
216758,358900000
216810,359000000
216862,359100000
216915,359200000
216968,359300000
217021,359400000
217075,359500000
217131,359600000
217184,359700000
217235,359800000
217287,359900000
217354,360000000
217406,360100000
217458,360200000
217514,360300000
217566,360400000
217618,360500000
217671,360600000
217723,360700000
217776,360800000
217837,360900000
217889,361000000
217941,361100000
217993,361200000
218047,361300000
218099,361400000
218150,361500000
218203,361600000
218262,361700000
218315,361800000
218367,361900000
218421,362000000
218478,362100000
218530,362200000
218581,362300000
218640,362400000
218692,362500000
218743,362600000
218802,362700000
218853,362800000
218904,362900000
218956,363000000
219015,363100000
219070,363200000
219126,363300000
219180,363400000
219234,363500000
219292,363600000
219348,363700000
219403,363800000
219460,363900000
219514,364000000
219568,364100000
219620,364200000
219674,364300000
219728,364400000
219788,364500000
219846,364600000
219909,364700000
219965,364800000
220031,364900000
220096,365000000
220152,365100000
220206,365200000
220262,365300000
220317,365400000
220371,365500000
220423,365600000
220473,365700000
220526,365800000
220582,365900000
220635,366000000
220687,366100000
220741,366200000
220795,366300000
220848,366400000
220903,366500000
220957,366600000
221011,366700000
221068,366800000
221122,366900000
221178,367000000
221230,367100000
221292,367200000
221349,367300000
221402,367400000
221455,367500000
221508,367600000
221565,367700000
221622,367800000
221680,367900000
221735,368000000
221790,368100000
221844,368200000
221905,368300000
221958,368400000
222010,368500000
222068,368600000
222121,368700000
222173,368800000
222226,368900000
222283,369000000
222336,369100000
222389,369200000
222442,369300000
222494,369400000
222550,369500000
222604,369600000
222656,369700000
222711,369800000
222762,369900000
222817,370000000
222870,370100000
222935,370200000
222989,370300000
223042,370400000
223098,370500000
223150,370600000
223206,370700000
223259,370800000
223316,370900000
223370,371000000
223423,371100000
223481,371200000
223533,371300000
223589,371400000
223642,371500000
223694,371600000
223749,371700000
223801,371800000
223858,371900000
223913,372000000
223966,372100000
224020,372200000
224076,372300000
224130,372400000
224185,372500000
224237,372600000
224290,372700000
224342,372800000
224395,372900000
224448,373000000
224502,373100000
224554,373200000
224610,373300000
224663,373400000
224723,373500000
224776,373600000
224828,373700000
224881,373800000
224934,373900000
224990,374000000
225043,374100000
225095,374200000
225151,374300000
225207,374400000
225260,374500000
225312,374600000
225364,374700000
225417,374800000
225469,374900000
225523,375000000
225575,375100000
225639,375200000
225695,375300000
225751,375400000
225813,375500000
225867,375600000
225922,375700000
225977,375800000
226033,375900000
226088,376000000
226143,376100000
226204,376200000
226260,376300000
226313,376400000
226365,376500000
226421,376600000
226476,376700000
226529,376800000
226581,376900000
226632,377000000
226686,377100000
226749,377200000
226865,377300000
226928,377400000
226986,377500000
227046,377600000
227104,377700000
227163,377800000
227215,377900000
227273,378000000
227328,378100000
227386,378200000
227437,378300000
227493,378400000
227547,378500000
227600,378600000
227654,378700000
227707,378800000
227760,378900000
227814,379000000
227870,379100000
227927,379200000
227983,379300000
228039,379400000
228097,379500000
228159,379600000
228216,379700000
228272,379800000
228329,379900000
228387,380000000
228443,380100000
228534,380200000
228600,380300000
228652,380400000
228704,380500000
228761,380600000
228816,380700000
228878,380800000
228940,380900000
228997,381000000
229052,381100000
229109,381200000
229195,381300000
229250,381400000
229304,381500000
229363,381600000
229417,381700000
229472,381800000
229531,381900000
229585,382000000
229637,382100000
229691,382200000
229752,382300000
229808,382400000
229872,382500000
229927,382600000
229988,382700000
230047,382800000
230102,382900000
230156,383000000
230211,383100000
230265,383200000
230317,383300000
230370,383400000
230423,383500000
230475,383600000
230532,383700000
230591,383800000
230644,383900000
230703,384000000
230758,384100000
230816,384200000
230874,384300000
230930,384400000
230986,384500000
231038,384600000
231099,384700000
231154,384800000
231214,384900000
231271,385000000
231326,385100000
231378,385200000
231434,385300000
231498,385400000
231550,385500000
231602,385600000
231656,385700000
231715,385800000
231768,385900000
231822,386000000
231875,386100000
231927,386200000
231981,386300000
232035,386400000
232087,386500000
232138,386600000
232190,386700000
232253,386800000
232309,386900000
232366,387000000
232423,387100000
232475,387200000
232527,387300000
232579,387400000
232631,387500000
232683,387600000
232735,387700000
232787,387800000
232839,387900000
232894,388000000
232947,388100000
233000,388200000
233052,388300000
233106,388400000
233159,388500000
233217,388600000
233271,388700000
233324,388800000
233376,388900000
233431,389000000
233487,389100000
233540,389200000
233592,389300000
233651,389400000
233705,389500000
233757,389600000
233810,389700000
233865,389800000
233923,389900000
233977,390000000
234036,390100000
234088,390200000
234141,390300000
234194,390400000
234248,390500000
234303,390600000
234358,390700000
234410,390800000
234462,390900000
234517,391000000
234570,391100000
234630,391200000
234689,391300000
234748,391400000
234807,391500000
234865,391600000
234921,391700000
234983,391800000
235048,391900000
235104,392000000
235170,392100000
235222,392200000
235275,392300000
235330,392400000
235384,392500000
235437,392600000
235491,392700000
235546,392800000
235599,392900000
235652,393000000
235705,393100000
235758,393200000
235809,393300000
235864,393400000
235917,393500000
235969,393600000
236025,393700000
236079,393800000
236132,393900000
236185,394000000
236237,394100000
236289,394200000
236343,394300000
236400,394400000
236458,394500000
236514,394600000
236572,394700000
236630,394800000
236685,394900000
236741,395000000
236794,395100000
236846,395200000
236903,395300000
236962,395400000
237015,395500000
237069,395600000
237123,395700000
237176,395800000
237225,395900000
237277,396000000
237329,396100000
237380,396200000
237433,396300000
237499,396400000
237551,396500000
237604,396600000
237659,396700000
237711,396800000
237762,396900000
237815,397000000
237870,397100000
237922,397200000
237974,397300000
238033,397400000
238088,397500000
238141,397600000
238194,397700000
238247,397800000
238299,397900000
238355,398000000
238407,398100000
238457,398200000
238509,398300000
238565,398400000
238624,398500000
238675,398600000
238729,398700000
238782,398800000
238834,398900000
238887,399000000
238940,399100000
238993,399200000
239053,399300000
239106,399400000
239159,399500000
239214,399600000
239273,399700000
239326,399800000
239378,399900000
239430,400000000
239483,400100000
239540,400200000
239600,400300000
239662,400400000
239714,400500000
239768,400600000
239821,400700000
239874,400800000
239926,400900000
239979,401000000
240031,401100000
240084,401200000
240136,401300000
240190,401400000
240260,401500000
240316,401600000
240369,401700000
240422,401800000
240480,401900000
240535,402000000
240587,402100000
240640,402200000
240733,402300000
240787,402400000
240842,402500000
240895,402600000
240949,402700000
241008,402800000
241065,402900000
241117,403000000
241170,403100000
241224,403200000
241276,403300000
241330,403400000
241384,403500000
241437,403600000
241491,403700000
241556,403800000
241611,403900000
241664,404000000
241717,404100000
241769,404200000
241824,404300000
241881,404400000
241939,404500000
241994,404600000
242052,404700000
242111,404800000
242167,404900000
242224,405000000
242282,405100000
242345,405200000
242409,405300000
242478,405400000
242547,405500000
242602,405600000
242656,405700000
242710,405800000
242765,405900000
242817,406000000
242898,406100000
242966,406200000
243027,406300000
243089,406400000
243325,406500000
243594,406600000
243828,406700000
244176,406800000
244277,406900000
244363,407000000
244425,407100000
244481,407200000
244544,407300000
244618,407400000
244679,407500000
244740,407600000
244799,407700000
244863,407800000
244939,407900000
245001,408000000
245055,408100000
245110,408200000
245173,408300000
245226,408400000
245296,408500000
245355,408600000
245425,408700000
245488,408800000
245552,408900000
245615,409000000
245668,409100000
245721,409200000
245773,409300000
245826,409400000
245879,409500000
245931,409600000
245983,409700000
246035,409800000
246088,409900000
246142,410000000
246197,410100000
246244,410200000
246292,410300000
246340,410400000
246389,410500000
246439,410600000
246488,410700000
246536,410800000
246589,410900000
246642,411000000
246696,411100000
246749,411200000
246801,411300000
246854,411400000
246906,411500000
246958,411600000
247008,411700000
247061,411800000
247113,411900000
247164,412000000
247225,412100000
247279,412200000
247330,412300000
247382,412400000
247435,412500000
247487,412600000
247540,412700000
247593,412800000
247644,412900000
247696,413000000
247749,413100000
247805,413200000
247858,413300000
247911,413400000
247963,413500000
248016,413600000
248069,413700000
248122,413800000
248175,413900000
248228,414000000
248289,414100000
248342,414200000
248395,414300000
248447,414400000
248498,414500000
248551,414600000
248602,414700000
248654,414800000
248706,414900000
248759,415000000
248811,415100000
248861,415200000
248906,415300000
248954,415400000
249004,415500000
249051,415600000
249099,415700000
249147,415800000
249194,415900000
249243,416000000
249292,416100000
249344,416200000
249397,416300000
249449,416400000
249503,416500000
249558,416600000
249613,416700000
249670,416800000
249729,416900000
249799,417000000
249852,417100000
249906,417200000
249968,417300000
250023,417400000
250076,417500000
250131,417600000
250193,417700000
250251,417800000
250306,417900000
250365,418000000
250419,418100000
250472,418200000
250526,418300000
250582,418400000
250635,418500000
250705,418600000
250825,418700000
250886,418800000
250943,418900000
251001,419000000
251072,419100000
251139,419200000
251199,419300000
251253,419400000
251324,419500000
251377,419600000
251431,419700000
251485,419800000
251538,419900000
251591,420000000
251681,420100000
251753,420200000
251837,420300000
251943,420400000
252044,420500000
252099,420600000
252154,420700000
252210,420800000
252269,420900000
252324,421000000
252378,421100000
252437,421200000
252490,421300000
252543,421400000
252595,421500000
252649,421600000
252701,421700000
252752,421800000
252806,421900000
252861,422000000
252943,422100000
252997,422200000
253051,422300000
253108,422400000
253166,422500000
253227,422600000
253281,422700000
253337,422800000
253390,422900000
253443,423000000
253496,423100000
253553,423200000
253608,423300000
253661,423400000
253714,423500000
253767,423600000
253825,423700000
253880,423800000
253933,423900000
253987,424000000
254040,424100000
254093,424200000
254146,424300000
254200,424400000
254253,424500000
254312,424600000
254364,424700000
254418,424800000
254470,424900000
254536,425000000
254588,425100000
254643,425200000
254698,425300000
254761,425400000
254813,425500000
254865,425600000
254921,425700000
254982,425800000
255035,425900000
255087,426000000
255139,426100000
255192,426200000
255249,426300000
255303,426400000
255356,426500000
255411,426600000
255465,426700000
255518,426800000
255573,426900000
255627,427000000
255680,427100000
255736,427200000
255789,427300000
255843,427400000
255896,427500000
255949,427600000
256005,427700000
256058,427800000
256112,427900000
256165,428000000
256221,428100000
256275,428200000
256321,428300000
256374,428400000
256426,428500000
256485,428600000
256539,428700000
256593,428800000
256647,428900000
256703,429000000
256755,429100000
256807,429200000
256879,429300000
256964,429400000
257159,429500000
257216,429600000
257292,429700000
257346,429800000
257401,429900000
257456,430000000
257521,430100000
257578,430200000
257634,430300000
257690,430400000
257747,430500000
257805,430600000
257871,430700000
257934,430800000
257991,430900000
258051,431000000
258141,431100000
258202,431200000
258264,431300000
258323,431400000
258385,431500000
258442,431600000
258497,431700000
258557,431800000
258632,431900000
258710,432000000
258766,432100000
258830,432200000
258887,432300000
258945,432400000
259001,432500000
259059,432600000
259116,432700000
259172,432800000
259234,432900000
259294,433000000
259350,433100000
259406,433200000
259463,433300000
259518,433400000
259573,433500000
259628,433600000
259681,433700000
259738,433800000
259792,433900000
259844,434000000
259900,434100000
259952,434200000
260006,434300000
260061,434400000
260113,434500000
260164,434600000
260217,434700000
260272,434800000
260329,434900000
260383,435000000
260437,435100000
260493,435200000
260548,435300000
260602,435400000
260656,435500000
260716,435600000
260772,435700000
260827,435800000
260881,435900000
260938,436000000
261004,436100000
261066,436200000
261133,436300000
261206,436400000
261262,436500000
261315,436600000
261371,436700000
261423,436800000
261476,436900000
261528,437000000
261589,437100000
261646,437200000
261699,437300000
261753,437400000
261808,437500000
261860,437600000
261916,437700000
261991,437800000
262065,437900000
262117,438000000
262175,438100000
262228,438200000
262284,438300000
262335,438400000
262387,438500000
262438,438600000
262491,438700000
262543,438800000
262596,438900000
262655,439000000
262712,439100000
262767,439200000
262826,439300000
262880,439400000
262935,439500000
262988,439600000
263040,439700000
263091,439800000
263139,439900000
263194,440000000
263251,440100000
263310,440200000
263370,440300000
263439,440400000
263511,440500000
263566,440600000
263620,440700000
263672,440800000
263728,440900000
263786,441000000
263844,441100000
263904,441200000
263964,441300000
264022,441400000
264075,441500000
264128,441600000
264181,441700000
264243,441800000
264296,441900000
264349,442000000
264404,442100000
264459,442200000
264513,442300000
264568,442400000
264624,442500000
264681,442600000
264735,442700000
264788,442800000
264841,442900000
264893,443000000
264947,443100000
265001,443200000
265056,443300000
265118,443400000
265174,443500000
265230,443600000
265287,443700000
265346,443800000
265399,443900000
265452,444000000
265504,444100000
265564,444200000
265616,444300000
265676,444400000
265736,444500000
265791,444600000
265846,444700000
265903,444800000
265960,444900000
266017,445000000
266075,445100000
266132,445200000
266189,445300000
266245,445400000
266299,445500000
266352,445600000
266405,445700000
266458,445800000
266510,445900000
266563,446000000
266615,446100000
266668,446200000
266721,446300000
266774,446400000
266827,446500000
266879,446600000
266932,446700000
266983,446800000
267036,446900000
267089,447000000
267141,447100000
267193,447200000
267246,447300000
267298,447400000
267352,447500000
267404,447600000
485189,447622549
